1713966549387 0.39282055544638894 0
1713966552657 0.19577324153761266 0
1713966554791 0.479239746736295 0
1713966556788 0.30688787009130025 0
1713966558784 0.20393404539009719 0
1713966560738 0.4014260636171455 0
1713966562694 0.2236707304998562 0
1713966564662 0.4789015075471945 0
1713966566678 0.30949638188186834 0
1713966568714 0.20393404539009719 0
1713966573617 0.07018202688539665 0
1713966575609 0.274386110121703 0
1713966577615 0.5537806993722768 0
1713966579584 0.581967550038158 0
1713966587298 0.9533106960950763 0
1713966591549 0.9533106960950763 0
1713966654675 0.8022071307300509 0
1713966717625 0.6833616298811545 0
1713966779410 0.8073005093378608 0
